[  4.99115740e-02   6.55007533e-05   6.55007533e-05 ...,   6.55007533e-05
   6.55007533e-05   6.55007533e-05]
[  3.71811500e-02   8.64677907e-05   8.64677907e-05 ...,   8.64677907e-05
   8.64677907e-05   8.64677907e-05]
[  7.82169309e-02   6.92185229e-05   6.92185229e-05 ...,   6.92185229e-05
   6.92185229e-05   6.92185229e-05]
[  1.05045155e-01   6.79024920e-05   6.79024920e-05 ...,   6.79024920e-05
   6.79024920e-05   6.79024920e-05]
[ 0.01691081  0.00010771  0.00010771 ...,  0.00010771  0.00010771
  0.00010771]
[ 0.01497522  0.00010774  0.00010774 ...,  0.00010774  0.00010774
  0.00010774]
[  6.06034993e-02   8.45237089e-05   8.45237089e-05 ...,   8.45237089e-05
   8.45237089e-05   8.45237089e-05]
[  1.46108258e-01   7.90201501e-05   7.90201501e-05 ...,   7.90201501e-05
   7.90201501e-05   7.90201501e-05]
[  7.10106817e-02   1.22696277e-02   2.04399948e-03 ...,   7.88319359e-05
   5.63085257e-05   2.81542628e-05]
