[  1.27859071e-03   3.97783776e-03   1.56272198e-03   2.84131269e-04
   1.48032391e-01   1.42065634e-04   1.42065634e-04   1.42065634e-04
   8.44438130e-01]
[  2.62927257e-03   9.34852469e-03   9.64066608e-03   1.72363424e-02
   2.92141396e-04   2.50949460e-01   2.92141396e-04   2.92141396e-04
   7.09319311e-01]
[  3.21233537e-04   1.12431738e-03   3.05171860e-03   6.42467074e-04
   1.60616768e-04   1.60616768e-04   3.99293286e-01   1.60616768e-04
   5.95085127e-01]
[  6.11246944e-04   3.05623472e-04   1.52811736e-04   1.52811736e-04
   1.52811736e-04   1.52811736e-04   1.52811736e-04   6.54798289e-01
   3.43520782e-01]
[ 0.00358423  0.00358423  0.00179211  0.00089606  0.10483871  0.00089606
  0.00089606  0.00089606  0.88261649]
[ 0.00286533  0.00477555  0.00764088  0.00382044  0.00095511  0.28462273
  0.00095511  0.00095511  0.69340974]
[  5.49299643e-04   1.09859929e-03   1.92254875e-03   1.09859929e-03
   2.74649821e-04   2.74649821e-04   3.35072782e-01   2.74649821e-04
   6.59434221e-01]
[  2.29357798e-04   2.29357798e-04   2.29357798e-04   2.29357798e-04
   2.29357798e-04   2.29357798e-04   2.29357798e-04   5.61926606e-02
   9.42201835e-01]
[  3.54396009e-02   1.83281781e-02   2.42838754e-02   3.31982094e-02
   6.40397559e-06   6.40397559e-06   6.40397559e-06   6.40397559e-06
   8.88724520e-01]
